%YAML:1.0

imu: 1         
num_of_cam: 2  

imu_topic: "/imu0"
image0_topic: "/oak/left/image_rect"
image1_topic: "/oak/right/image_rect"
output_path: "~/output/"

cam0_calib: "cam0_pinhole.yaml"
cam1_calib: "cam1_pinhole.yaml"

image_width: 640
image_height: 480

estimate_extrinsic: 0

body_T_cam0: !!opencv-matrix
   rows: 4
   cols: 4
   dt: d
   data: [0.03557433, -0.01678714, 0.99922603, 0.06636409,
          -0.99935446, -0.00561302, 0.0354846, 0.03770078,
          0.005013, -0.99984333, -0.01697598, 0.02800269,
          0.0, 0.0, 0.0, 1.0]

body_T_cam1: !!opencv-matrix
   rows: 4
   cols: 4
   dt: d
   data: [0.04363218, -0.01555458, 0.99892657, 0.06964087,
          -0.99904723, 0.00024828, 0.04364132, -0.03732767,
          -0.00092683, -0.99987899, -0.01552893, 0.02793308,
          0.0, 0.0, 0.0, 1.0]

multiple_thread: 1

max_cnt: 150
min_dist: 30
freq: 0
F_threshold: 1.0
show_track: 0
flow_back: 1

max_solver_time: 0.04
max_num_iterations: 8
keyframe_parallax: 10.0

acc_n: 0.055437171645025325
gyr_n: 0.0012346084399517119
acc_w: 0.000981
gyr_w: 0.000349
g_norm: 9.81007

estimate_td: 0
td: -0.0007835763358029035

load_previous_pose_graph: 0
pose_graph_save_path: "~/output/pose_graph/"
save_image: 0
